.\image\1_1536x1024.yuv 1536 1024 10
.\image\1_1536x1024.yuv 1536 1024 20
.\image\1_1536x1024.yuv 1536 1024 30
.\image\1_1536x1024.yuv 1536 1024 40
.\image\1_1536x1024.yuv 1536 1024 50
.\image\1_1536x1024.yuv 1536 1024 60
.\image\1_1536x1024.yuv 1536 1024 70
.\image\1_1536x1024.yuv 1536 1024 80
.\image\1_1536x1024.yuv 1536 1024 90
.\image\2_1024x768.yuv 1024 768 10
.\image\2_1024x768.yuv 1024 768 20
.\image\2_1024x768.yuv 1024 768 30
.\image\2_1024x768.yuv 1024 768 40
.\image\2_1024x768.yuv 1024 768 50
.\image\2_1024x768.yuv 1024 768 60
.\image\2_1024x768.yuv 1024 768 70
.\image\2_1024x768.yuv 1024 768 80
.\image\2_1024x768.yuv 1024 768 90
.\image\3_1000x728.yuv 1000 728 10
.\image\3_1000x728.yuv 1000 728 20
.\image\3_1000x728.yuv 1000 728 30
.\image\3_1000x728.yuv 1000 728 40
.\image\3_1000x728.yuv 1000 728 50
.\image\3_1000x728.yuv 1000 728 50
.\image\3_1000x728.yuv 1000 728 60
.\image\3_1000x728.yuv 1000 728 70
.\image\3_1000x728.yuv 1000 728 80
.\image\3_1000x728.yuv 1000 728 90
.\image\4_688x1014.yuv 688 1014 10
.\image\4_688x1014.yuv 688 1014 20
.\image\4_688x1014.yuv 688 1014 30
.\image\4_688x1014.yuv 688 1014 40
.\image\4_688x1014.yuv 688 1014 50
.\image\4_688x1014.yuv 688 1014 60
.\image\4_688x1014.yuv 688 1014 70
.\image\4_688x1014.yuv 688 1014 80
.\image\4_688x1014.yuv 688 1014 90
.\image\5_1000x1504.yuv 1000 1504 10
.\image\5_1000x1504.yuv 1000 1504 20
.\image\5_1000x1504.yuv 1000 1504 30
.\image\5_1000x1504.yuv 1000 1504 40
.\image\5_1000x1504.yuv 1000 1504 50
.\image\5_1000x1504.yuv 1000 1504 60
.\image\5_1000x1504.yuv 1000 1504 70
.\image\5_1000x1504.yuv 1000 1504 80
.\image\5_1000x1504.yuv 1000 1504 90
